10403 751 3151
10807 501 5501
11009 809 7289
11413 977 3313
12827 887 6023
13231 899 1099
13837 609 9089
14039 449 11249
15049 363 1427
15251 541 12061
15857 587 14723
16463 839 11759
16867 391 10911
17473 987 13523
18079 993 7457
18281 971 4931
19291 483 3147
19493 683 18947
19897 841 18761
20099 917 12653
21311 443 16307
22523 307 21043
22927 927 12263
23129 689 17009
23533 843 15907
24139 327 11063
24341 647 12983
25351 687 6623
25957 727 18663
26563 997 2733
27169 397 5333
27371 989 17909
27977 811 22291
28381 841 4761
28583 437 22973
29593 633 20297
31007 817 7753
31411 877 813
31613 947 4283
32017 317 14853
33431 559 20839
34037 667 403
35047 419 9579
35249 473 27737
11021 673 4177
11227 869 2117
11639 407 6119
13081 877 6829
13493 787 4903
14111 437 6317
14317 905 13205
15347 635 6395
15553 857 14693
16171 305 11321
16789 923 7895
17201 473 9701
17819 545 4217
18437 671 2327
18643 359 9359
19673 439 2119
19879 553 11545
20291 335 9071
20497 857 4289
21733 577 2413
22969 605 11453
23381 917 10709
23587 917 9485
23999 407 407
24617 851 11867
24823 737 11393
25853 983 17147
26471 757 20317
27089 491 9035
27707 713 10505
27913 427 9223
28531 415 12007
28943 311 551
29149 995 24023
30179 943 18919
31621 539 25595
32033 967 7063
32239 619 15475
32651 589 8701
34093 359 24659
34711 461 18437
35741 575 32039
35947 653 28973
11663 641 6233
12091 509 4245
13589 857 1013
14017 313 1717
14659 887 12807
14873 797 1193
15943 311 8071
16157 721 15481
16799 941 9173
17441 707 11027
17869 707 4455
18511 685 2981
19153 891 4807
19367 559 16759
20437 359 19579
20651 691 11899
21079 451 691
21293 395 16631
22577 641 11321
23861 905 11753
24289 651 6035
24503 341 16301
24931 859 11795
25573 615 19403
25787 473 22697
26857 519 23079
27499 759 23239
28141 565 27133
28783 651 3491
28997 667 21583
29639 859 22819
30067 683 4867
30281 509 15269
31351 327 18079
32849 461 30677
33277 487 5263
33491 677 20957
33919 585 31721
35417 877 30433
36059 977 401
37129 849 27561
37343 593 13001
12317 335 7727
13843 541 9181
14279 697 4633
14933 409 4489
15151 565 1741
16241 713 7241
16459 727 14863
17113 985 2617
17767 881 2681
18203 973 9397
18857 401 10145
19511 431 8207
19729 521 12761
20819 749 1589
21037 845 11141
21473 473 12665
21691 529 16897
22999 713 17177
24307 437 10973
24743 1001 5657
24961 599 5303
25397 521 21401
26051 437 15293
26269 431 4751
27359 803 15467
28013 581 2189
28667 313 6961
29321 307 26587
29539 809 13769
30193 853 12685
30629 641 15521
30847 569 13649
31937 785 13217
33463 845 12437
33899 971 17171
34117 385 21793
34553 475 2371
36079 647 24623
36733 989 16181
37823 301 21229
38041 989 18773
14351 559 2575
14803 387 6283
15481 303 10959
15707 457 14137
16837 569 6409
17063 781 14821
17741 935 4055
18419 629 6173
18871 467 2747
19549 303 7375
20227 681 12793
20453 709 3469
21583 557 6533
21809 461 13061
22261 653 16069
22487 881 881
23843 373 4477
25199 389 14765
25651 395 2371
25877 367 17743
26329 437 2973
27007 519 19671
27233 529 8689
28363 537 22473
29041 643 27691
29719 703 8223
30397 515 11307
30623 683 12707
31301 965 12557
31753 849 30769
31979 523 8515
33109 661 6333
34691 365 29765
35143 569 22089
35369 563 24827
35821 851 30235
37403 523 9187
38081 311 37511
39211 551 15543
39437 331 12835
16637 397 7633
17399 961 6241
17653 535 17323
18923 575 10151
19177 629 18269
19939 989 13157
20701 809 5021
21209 379 883
21971 793 19513
22733 389 5189
22987 617 11873
24257 547 21883
24511 349 1525
25019 869 17165
25273 689 11261
26797 529 23809
28321 971 24083
28829 913 25513
29083 673 7897
29591 611 25883
30353 725 25769
30607 629 18269
31877 1003 2167
32639 611 22859
33401 1003 6451
34163 989 20213
34417 307 26263
35179 389 23333
35687 347 28163
35941 355 12211
37211 733 27205
38989 977 11405
39497 457 1453
39751 575 25775
40259 557 12581
42037 353 34277
42799 415 7039
44069 685 24121
44323 647 33479
17947 529 3409
18209 899 9419
19519 761 6801
19781 599 8399
20567 839 3239
21353 503 11807
21877 329 19809
22663 669 869
23449 769 22809
23711 869 12629
25021 441 6161
25283 971 17891
25807 613 23277
26069 731 13451
27641 491 13511
29213 307 14383
29737 651 14171
29999 697 9313
30523 941 3141
31309 757 14673
31571 421 22381
32881 639 18259
33667 447 7743
34453 379 21119
35239 907 19283
35501 499 28699
36287 769 23329
36811 607 30943
37073 437 14513
38383 459 32419
40217 517 8233
40741 739 20559
41003 769 17089
41527 917 35973
43361 329 16169
44147 529 22129
45457 443 20307
45719 797 25373
19043 373 13837
20413 403 2747
20687 551 12551
21509 835 16363
22331 335 17231
22879 487 21927
23701 943 12527
24523 913 4481
24797 449 20609
26167 319 25759
26441 743 21719
26989 755 4731
27263 871 16231
28907 377 15833
30551 611 23867
31099 787 7147
31373 829 5461
31921 621 8485
32743 709 2237
33017 997 6253
34387 619 30979
35209 565 30749
36031 919 24039
36853 417 19841
37127 569 32009
37949 917 18461
38497 353 37217
38771 943 3823
40141 809 18457
42059 479 37967
42607 903 28807
42881 613 11629
43429 393 34009
45347 301 34741
46169 529 40945
47539 423 34263
47813 521 10265
20711 983 8207
20989 319 15379
21823 311 623
22657 689 12557
23213 749 14069
24047 475 1699
24881 811 7663
25159 787 14803
26549 467 5783
26827 697 7945
27383 689 22769
27661 557 26441
29329 629 1889
30997 773 16289
31553 731 23423
31831 721 14401
32387 905 2441
33221 563 4667
33499 647 13463
34889 797 19133
35723 785 23537
36557 779 32675
37391 481 9073
37669 863 1727
38503 883 16003
39059 481 241
39337 535 14839
40727 1001 14009
42673 365 10181
43229 647 9323
43507 833 17057
44063 331 8827
46009 557 17333
46843 863 21599
48233 419 18575
48511 553 7729
22499 569 12329
23393 619 19843
24287 749 14981
24883 819 12299
25777 615 3063
26671 809 24553
26969 577 24193
28459 423 16287
28757 359 9815
29353 409 4681
29651 521 13049
31439 727 10303
33227 365 27365
33823 457 1537
34121 793 26425
34717 979 25147
35611 591 17463
35909 539 659
37399 507 33643
38293 849 13745
39187 653 15261
40081 663 37271
40379 809 27809
41273 565 38173
41869 907 36003
42167 461 20189
43657 541 7429
45743 427 33091
46339 871 14591
46637 889 27529
47233 613 9613
49319 449 44489
50213 607 5407
51703 713 2801
52001 527 35183
23707 487 6823
24613 457 19993
25217 449 22349
26123 517 24253
27029 389 21209
27331 461 8141
28841 647 20483
29143 371 12731
29747 719 25679
30049 703 4267
31861 359 14039
33673 677 32513
34277 571 2731
34579 553 31417
35183 373 7837
36089 683 11447
36391 517 27853
37901 659 7739
38807 539 10259
39713 967 15403
40619 973 16237
40921 607 11743
41827 901 15301
42431 739 41659
42733 869 8129
44243 641 17561
46357 371 16331
46961 983 35147
47263 619 28579
47867 797 14333
49981 787 45223
50887 559 10639
52397 301 15001
52699 343 31807
25591 575 11735
26219 917 13301
27161 587 18467
28103 469 1717
28417 563 9227
29987 371 21491
30301 389 77
30929 569 24665
31243 785 905
33127 641 18041
35011 613 6949
35639 641 35201
35953 643 1051
36581 745 22201
37523 773 7733
37837 587 8483
39407 659 34739
40349 535 13735
41291 443 3875
42233 545 18641
42547 947 40163
43489 601 4585
44117 431 35471
44431 547 23323
46001 887 5495
48199 365 17525
48827 629 39749
49141 823 13543
49769 823 2935
51967 443 15107
52909 347 11027
54479 515 51251
54793 805 41677
27221 941 1829
28199 481 22129
29177 919 18199
29503 613 6517
31133 527 21143
31459 917 21437
32111 923 23771
32437 911 2183
34393 653 2657
36349 409 29545
37001 793 19945
37327 989 6461
37979 343 21367
38957 529 36661
39283 511 27391
40913 757 40393
41891 427 14083
42869 899 29555
43847 535 23047
44173 773 6677
45151 425 13361
45803 419 34859
46129 427 18295
47759 431 6695
50041 937 29521
50693 757 17713
51019 683 25235
51671 461 48749
53953 401 45461
54931 977 9137
56561 535 9115
56887 473 22169
28891 819 1011
29893 941 9797
30227 719 27719
31897 701 25241
32231 919 29479
32899 433 27201
33233 833 13889
35237 311 23651
37241 707 24707
37909 859 29611
38243 707 803
38911 659 37051
39913 963 3159
40247 371 29531
41917 717 40053
42919 807 16535
43921 525 22533
44923 943 39959
45257 517 43693
46259 533 27077
46927 779 179
47261 869 25049
48931 513 14929
51269 539 34775
51937 653 2837
52271 587 7235
52939 671 22671
55277 871 24151
56279 899 51371
57949 745 55817
58283 361 7201
30967 357 11749
31313 409 16729
33043 929 23569
33389 1001 14681
34081 689 11009
34427 479 15215
36503 337 12433
38579 475 8923
39271 741 34413
39617 947 12299
40309 437 16893
41347 929 19785
41693 821 27101
43423 657 39793
44461 823 29319
45499 829 8317
46537 671 8175
46883 509 35309
47921 767 37631
48613 549 21229
48959 509 44597
50689 367 47487
53111 337 11401
53803 727 23983
54149 353 6689
54841 619 45747
57263 977 36833
58301 865 31201
60031 905 9009
60377 739 39931
32399 389 5189
34189 339 8879
34547 797 27701
35263 803 31195
35621 835 34231
131513 653 117569
132901 623 64707
134983 405 42429
123197 785 17009
125291 439 77191
37769 401 9881
39917 779 33023
40633 691 16359
40991 881 25889
41707 733 7493
42781 677 5757
43139 977 12593
44929 587 11523
46003 361 2777
47077 325 15641
48151 729 46657
48509 761 821
49583 863 7799
50299 611 571
50657 929 48521
52447 419 49371
54953 995 31367
55669 809 21349
56027 457 21145
56743 803 34043
59249 497 4373
60323 841 1849
62113 723 18059
62471 487 5215
34571 751 12751
34933 467 17243
35657 913 10897
36019 409 25009
38191 317 29453
40363 419 16499
41087 617 12593
41449 871 22711
42173 671 20351
43259 443 17987
43621 997 4333
45431 707 32843
46517 631 24391
47603 931 45691
122491 339 53531
124573 635 86415
127349 799 69103
129431 635 20675
48689 773 1997
49051 347 7283
50137 491 33491
50861 449 449
51223 629 17189
53033 901 31501
55567 689 42689
56291 427 31363
56653 941 26021
57377 653 33797
59911 419 17579
60997 971 15011
62807 437 4133
63169 329 23609
36863 517 2893
37627 919 15439
38009 647 6803
40301 521 38981
42593 487 5803
43357 637 33233
43739 911 7751
44503 363 39587
45649 727 30043
46031 713 9977
47941 751 31751
49087 937 41113
50233 503 14647
51379 687 27943
51761 937 34273
52907 803 48587
53671 447 45583
54053 811 991
55963 807 33343
58637 671 39251
59401 653 39417
59783 863 46847
60547 757 16973
63221 331 52471
64367 403 61147
66277 503 31367
66659 563 6107
38021 667 16531
38407 833 26561
40723 331 38371
43039 335 13487
43811 755 25403
44197 1001 24665
44969 449 13889
46127 965 25997
46513 391 24631
48443 337 4273
49601 557 7589
50759 827 21107
51917 959 28223
52303 799 30559
53461 785 5873
54233 353 17057
54619 581 22925
56549 857 4841
59251 929 50657
60023 997 33133
60409 701 44693
61181 313 27913
63883 899 61739
65041 853 33277
66971 971 57059
67357 833 61121
39203 863 1439
41567 383 9887
43931 857 35033
44719 307 21643
45113 599 17159
45901 331 25827
47083 897 11649
47477 521 41081
49447 473 38537
50629 411 33939
51811 531 17891
52993 443 43635
53387 913 10897
54569 1003 4099
55357 817 13233
55751 355 51691
57721 383 47519
60479 851 26147
61267 907 33763
61661 851 55547
62449 333 31061
65207 479 60359
66389 425 27737
68359 333 18125
68753 901 41485
41989 709 16069
44377 739 6067
45173 763 35599
45571 433 39097
46367 509 36821
47561 499 9727
47959 967 41623
49949 599 21899
51143 787 44827
52337 719 16811
53531 743 3071
53929 511 7951
55123 611 40427
55919 923 43427
56317 359 24263
58307 871 10687
61093 673 43753
61889 1003 3427
62287 347 18515
63083 719 58391
65869 797 4673
67063 619 52771
69053 371 48011
69451 943 2119
47053 893 27617
47897 767 12623
48319 373 35557
49163 683 24467
50429 967 17263
50851 419 24779
52961 659 239
54227 317 23573
55493 547 34903
56759 481 18721
57181 617 34553
58447 307 7363
59291 941 7061
59713 781 15241
61823 593 19337
64777 887 60203
65621 521 49481
66043 541 6661
66887 517 7573
69841 463 10627
71107 521 64601
73217 871 57811
73639 983 23567
50621 947 34331
51067 503 42767
51959 641 14945
53297 877 32533
53743 419 3179
55973 547 47383
57311 563 11003
58649 677 55157
59987 773 30941
60433 943 6547
61771 509 47549
62663 641 25601
63109 929 37805
65339 577 36625
68461 671 2531
69353 689 26669
69799 605 40757
70691 379 62563
73813 467 14903
75151 305 42065
77381 575 40343
77827 323 24875
51983 937 7369
52891 429 30677
54253 939 44451
54707 839 34199
56977 677 20113
58339 557 15269
59701 731 59131
61063 593 9601
61517 527 9263
62879 887 47327
63787 977 52593
64241 595 23779
66511 837 56925
69689 631 43291
70597 819 14799
71051 613 4141
71959 371 47739
75137 829 27349
76499 991 45439
78769 913 19185
79223 737 26465
53357 851 30395
54731 607 6079
55189 371 32891
57479 823 5887
58853 829 16405
60227 545 38801
61601 847 52447
62059 641 43601
63433 629 29213
64349 319 62239
64807 871 15871
67097 607 10639
70303 959 46415
71219 821 50621
71677 821 6845
72593 919 45079
75799 637 51853
77173 949 3229
79463 995 35123
79921 395 6227
55687 437 41949
56153 871 35671
58483 323 5387
59881 795 55059
61279 713 40409
62677 321 18401
63143 311 27191
64541 835 9739
65473 683 40707
65939 775 40183
68269 785 58769
71531 929 58001
72463 969 42009
72929 347 1043
73861 857 29513
77123 679 41719
78521 713 48761
80851 459 4547
81317 935 58199
57599 529 52369
59989 717 27053
61423 429 54821
62857 925 30605
64291 503 46031
64769 533 42197
66203 919 38455
67159 653 9797
67637 437 65273
70027 891 34787
73373 305 41309
74329 653 57397
74807 467 49451
75763 653 5989
79109 331 28711
80543 545 57665
82933 703 78951
83411 685 17653
60491 539 43859
61937 359 31319
63383 847 17743
64829 907 56803
65311 667 34003
97343 659 8219
98587 717 1093
102941 923 40787
104807 727 64903
107917 627 77323
108539 833 16577
99221 617 30041
103603 353 20417
105481 815 94799
108611 521 26729
109237 683 98243
66757 449 60929
67721 839 32759
68203 457 19993
70613 659 33179
73987 439 26599
74951 593 8657
75433 641 60161
76397 479 45599
79771 569 36329
81217 989 12149
83627 757 45853
84109 971 17891
64507 401 31601
66013 839 48559
67519 407 63543
68021 529 34069
69527 457 29593
70531 797 22133
71033 983 18647
73543 631 15271
77057 607 29743
78061 937 16873
78563 581 51821
79567 947 31283
83081 611 60491
84587 517 63853
87097 507 56643
87599 527 73463
67591 743 28887
69133 519 54199
69647 917 7613
71189 313 9481
72217 751 19471
72731 317 26645
75301 389 15181
78899 719 24623
79927 331 28771
80441 935 21527
81469 847 59311
85067 871 24151
86609 467 73307
89179 517 8909
89693 623 143
70747 671 7639
71273 611 35891
72851 427 32515
73903 397 70773
74429 871 40123
77059 939 18739
80741 673 11317
81793 781 60941
82319 545 13649
83371 829 54429
87053 607 73783
88631 607 51775
91261 965 73461
91787 509 82757
72899 617 31313
74513 683 8339
75589 793 23657
76127 593 34793
110633 863 60527
111547 983 46247
114857 929 36749
115519 503 78767
116939 925 16213
117613 503 59975
121103 341 106637
78817 529 50001
82583 587 51971
83659 561 52721
84197 353 24161
85273 385 77649
89039 833 79097
90653 461 45317
93343 321 13577
93881 869 75341
75067 671 9551
76151 839 49559
76693 551 3731
79403 367 20623
83197 599 37379
84281 611 35891
84823 593 61937
85907 389 42989
89701 977 81713
91327 319 5119
94037 973 7777
94579 439 20119
77837 373 41437
78391 787 71107
81161 941 27749
85039 743 16823
86147 743 75887
86701 535 71143
87809 977 2321
91687 817 82273
93349 725 4349
96119 335 90935
96673 949 89773
79523 337 61153
82333 977 57073
86267 997 51133
87391 447 53983
87953 769 54529
89077 487 67223
93011 587 38723
94697 911 64751
97507 447 63503
98069 937 85273
82919 575 78191
86881 835 3307
88013 637 68893
88579 815 61103
89711 677 23693
93673 937 70813
95371 617 34553
98201 641 84329
98767 901 47053
89951 395 77363
91123 739 42259
91709 749 86117
92881 955 37875
96983 389 16349
98741 713 79673
101671 921 47609
102257 815 72191
95477 401 34301
96091 659 57515
97319 689 61049
101617 667 37243
103459 569 76073
106529 457 65101
107143 979 19579
104927 749 27149
106829 317 89429
109999 673 41265
10235 714 6890
