10403 751 0
10807 501 0
11009 809 0
11413 977 0
12827 887 0
13231 899 0
13837 609 0
14039 449 0
15049 363 0
15251 541 0
15857 587 0
16463 839 0
16867 391 0
17473 987 0
18079 993 0
18281 971 0
19291 483 0
19493 683 0
19897 841 0
20099 917 0
21311 443 0
22523 307 0
22927 927 0
23129 689 0
23533 843 0
24139 327 0
24341 647 0
25351 687 0
25957 727 0
26563 997 0
27169 397 0
27371 989 0
27977 811 0
28381 841 0
28583 437 0
29593 633 0
31007 817 0
31411 877 0
31613 947 0
32017 317 0
33431 559 0
34037 667 0
35047 419 0
35249 473 0
11021 673 0
11227 869 0
11639 407 0
13081 877 0
13493 787 0
14111 437 0
14317 905 0
15347 635 0
15553 857 0
16171 305 0
16789 923 0
17201 473 0
17819 545 0
18437 671 0
18643 359 0
19673 439 0
19879 553 0
20291 335 0
20497 857 0
21733 577 0
22969 605 0
23381 917 0
23587 917 0
23999 407 0
24617 851 0
24823 737 0
25853 983 0
26471 757 0
27089 491 0
27707 713 0
27913 427 0
28531 415 0
28943 311 0
29149 995 0
30179 943 0
31621 539 0
32033 967 0
32239 619 0
32651 589 0
34093 359 0
34711 461 0
35741 575 0
35947 653 0
11663 641 0
12091 509 0
13589 857 0
14017 313 0
14659 887 0
14873 797 0
15943 311 0
16157 721 0
16799 941 0
17441 707 0
17869 707 0
18511 685 0
19153 891 0
19367 559 0
20437 359 0
20651 691 0
21079 451 0
21293 395 0
22577 641 0
23861 905 0
24289 651 0
24503 341 0
24931 859 0
25573 615 0
25787 473 0
26857 519 0
27499 759 0
28141 565 0
28783 651 0
28997 667 0
29639 859 0
30067 683 0
30281 509 0
31351 327 0
32849 461 0
33277 487 0
33491 677 0
33919 585 0
35417 877 0
36059 977 0
37129 849 0
37343 593 0
12317 335 0
13843 541 0
14279 697 0
14933 409 0
15151 565 0
16241 713 0
16459 727 0
17113 985 0
17767 881 0
18203 973 0
18857 401 0
19511 431 0
19729 521 0
20819 749 0
21037 845 0
21473 473 0
21691 529 0
22999 713 0
24307 437 0
24743 1001 0
24961 599 0
25397 521 0
26051 437 0
26269 431 0
27359 803 0
28013 581 0
28667 313 0
29321 307 0
29539 809 0
30193 853 0
30629 641 0
30847 569 0
31937 785 0
33463 845 0
33899 971 0
34117 385 0
34553 475 0
36079 647 0
36733 989 0
37823 301 0
38041 989 0
14351 559 0
14803 387 0
15481 303 0
15707 457 0
16837 569 0
17063 781 0
17741 935 0
18419 629 0
18871 467 0
19549 303 0
20227 681 0
20453 709 0
21583 557 0
21809 461 0
22261 653 0
22487 881 0
23843 373 0
25199 389 0
25651 395 0
25877 367 0
26329 437 0
27007 519 0
27233 529 0
28363 537 0
29041 643 0
29719 703 0
30397 515 0
30623 683 0
31301 965 0
31753 849 0
31979 523 0
33109 661 0
34691 365 0
35143 569 0
35369 563 0
35821 851 0
37403 523 0
38081 311 0
39211 551 0
39437 331 0
16637 397 0
17399 961 0
17653 535 0
18923 575 0
19177 629 0
19939 989 0
20701 809 0
21209 379 0
21971 793 0
22733 389 0
22987 617 0
24257 547 0
24511 349 0
25019 869 0
25273 689 0
26797 529 0
28321 971 0
28829 913 0
29083 673 0
29591 611 0
30353 725 0
30607 629 0
31877 1003 0
32639 611 0
33401 1003 0
34163 989 0
34417 307 0
35179 389 0
35687 347 0
35941 355 0
37211 733 0
38989 977 0
39497 457 0
39751 575 0
40259 557 0
42037 353 0
42799 415 0
44069 685 0
44323 647 0
17947 529 0
18209 899 0
19519 761 0
19781 599 0
20567 839 0
21353 503 0
21877 329 0
22663 669 0
23449 769 0
23711 869 0
25021 441 0
25283 971 0
25807 613 0
26069 731 0
27641 491 0
29213 307 0
29737 651 0
29999 697 0
30523 941 0
31309 757 0
31571 421 0
32881 639 0
33667 447 0
34453 379 0
35239 907 0
35501 499 0
36287 769 0
36811 607 0
37073 437 0
38383 459 0
40217 517 0
40741 739 0
41003 769 0
41527 917 0
43361 329 0
44147 529 0
45457 443 0
45719 797 0
19043 373 0
20413 403 0
20687 551 0
21509 835 0
22331 335 0
22879 487 0
23701 943 0
24523 913 0
24797 449 0
26167 319 0
26441 743 0
26989 755 0
27263 871 0
28907 377 0
30551 611 0
31099 787 0
31373 829 0
31921 621 0
32743 709 0
33017 997 0
34387 619 0
35209 565 0
36031 919 0
36853 417 0
37127 569 0
37949 917 0
38497 353 0
38771 943 0
40141 809 0
42059 479 0
42607 903 0
42881 613 0
43429 393 0
45347 301 0
46169 529 0
47539 423 0
47813 521 0
20711 983 0
20989 319 0
21823 311 0
22657 689 0
23213 749 0
24047 475 0
24881 811 0
25159 787 0
26549 467 0
26827 697 0
27383 689 0
27661 557 0
29329 629 0
30997 773 0
31553 731 0
31831 721 0
32387 905 0
33221 563 0
33499 647 0
34889 797 0
35723 785 0
36557 779 0
37391 481 0
37669 863 0
38503 883 0
39059 481 0
39337 535 0
40727 1001 0
42673 365 0
43229 647 0
43507 833 0
44063 331 0
46009 557 0
46843 863 0
48233 419 0
48511 553 0
22499 569 0
23393 619 0
24287 749 0
24883 819 0
25777 615 0
26671 809 0
26969 577 0
28459 423 0
28757 359 0
29353 409 0
29651 521 0
31439 727 0
33227 365 0
33823 457 0
34121 793 0
34717 979 0
35611 591 0
35909 539 0
37399 507 0
38293 849 0
39187 653 0
40081 663 0
40379 809 0
41273 565 0
41869 907 0
42167 461 0
43657 541 0
45743 427 0
46339 871 0
46637 889 0
47233 613 0
49319 449 0
50213 607 0
51703 713 0
52001 527 0
23707 487 0
24613 457 0
25217 449 0
26123 517 0
27029 389 0
27331 461 0
28841 647 0
29143 371 0
29747 719 0
30049 703 0
31861 359 0
33673 677 0
34277 571 0
34579 553 0
35183 373 0
36089 683 0
36391 517 0
37901 659 0
38807 539 0
39713 967 0
40619 973 0
40921 607 0
41827 901 0
42431 739 0
42733 869 0
44243 641 0
46357 371 0
46961 983 0
47263 619 0
47867 797 0
49981 787 0
50887 559 0
52397 301 0
52699 343 0
25591 575 0
26219 917 0
27161 587 0
28103 469 0
28417 563 0
29987 371 0
30301 389 0
30929 569 0
31243 785 0
33127 641 0
35011 613 0
35639 641 0
35953 643 0
36581 745 0
37523 773 0
37837 587 0
39407 659 0
40349 535 0
41291 443 0
42233 545 0
42547 947 0
43489 601 0
44117 431 0
44431 547 0
46001 887 0
48199 365 0
48827 629 0
49141 823 0
49769 823 0
51967 443 0
52909 347 0
54479 515 0
54793 805 0
27221 941 0
28199 481 0
29177 919 0
29503 613 0
31133 527 0
31459 917 0
32111 923 0
32437 911 0
34393 653 0
36349 409 0
37001 793 0
37327 989 0
37979 343 0
38957 529 0
39283 511 0
40913 757 0
41891 427 0
42869 899 0
43847 535 0
44173 773 0
45151 425 0
45803 419 0
46129 427 0
47759 431 0
50041 937 0
50693 757 0
51019 683 0
51671 461 0
53953 401 0
54931 977 0
56561 535 0
56887 473 0
28891 819 0
29893 941 0
30227 719 0
31897 701 0
32231 919 0
32899 433 0
33233 833 0
35237 311 0
37241 707 0
37909 859 0
38243 707 0
38911 659 0
39913 963 0
40247 371 0
41917 717 0
42919 807 0
43921 525 0
44923 943 0
45257 517 0
46259 533 0
46927 779 0
47261 869 0
48931 513 0
51269 539 0
51937 653 0
52271 587 0
52939 671 0
55277 871 0
56279 899 0
57949 745 0
58283 361 0
30967 357 0
31313 409 0
33043 929 0
33389 1001 0
34081 689 0
34427 479 0
36503 337 0
38579 475 0
39271 741 0
39617 947 0
40309 437 0
41347 929 0
41693 821 0
43423 657 0
44461 823 0
45499 829 0
46537 671 0
46883 509 0
47921 767 0
48613 549 0
48959 509 0
50689 367 0
53111 337 0
53803 727 0
54149 353 0
54841 619 0
57263 977 0
58301 865 0
60031 905 0
60377 739 0
32399 389 0
34189 339 0
34547 797 0
35263 803 0
35621 835 0
131513 653 0
132901 623 0
134983 405 0
123197 785 0
125291 439 0
37769 401 0
39917 779 0
40633 691 0
40991 881 0
41707 733 0
42781 677 0
43139 977 0
44929 587 0
46003 361 0
47077 325 0
48151 729 0
48509 761 0
49583 863 0
50299 611 0
50657 929 0
52447 419 0
54953 995 0
55669 809 0
56027 457 0
56743 803 0
59249 497 0
60323 841 0
62113 723 0
62471 487 0
34571 751 0
34933 467 0
35657 913 0
36019 409 0
38191 317 0
40363 419 0
41087 617 0
41449 871 0
42173 671 0
43259 443 0
43621 997 0
45431 707 0
46517 631 0
47603 931 0
122491 339 0
124573 635 0
127349 799 0
129431 635 0
48689 773 0
49051 347 0
50137 491 0
50861 449 0
51223 629 0
53033 901 0
55567 689 0
56291 427 0
56653 941 0
57377 653 0
59911 419 0
60997 971 0
62807 437 0
63169 329 0
36863 517 0
37627 919 0
38009 647 0
40301 521 0
42593 487 0
43357 637 0
43739 911 0
44503 363 0
45649 727 0
46031 713 0
47941 751 0
49087 937 0
50233 503 0
51379 687 0
51761 937 0
52907 803 0
53671 447 0
54053 811 0
55963 807 0
58637 671 0
59401 653 0
59783 863 0
60547 757 0
63221 331 0
64367 403 0
66277 503 0
66659 563 0
38021 667 0
38407 833 0
40723 331 0
43039 335 0
43811 755 0
44197 1001 0
44969 449 0
46127 965 0
46513 391 0
48443 337 0
49601 557 0
50759 827 0
51917 959 0
52303 799 0
53461 785 0
54233 353 0
54619 581 0
56549 857 0
59251 929 0
60023 997 0
60409 701 0
61181 313 0
63883 899 0
65041 853 0
66971 971 0
67357 833 0
39203 863 0
41567 383 0
43931 857 0
44719 307 0
45113 599 0
45901 331 0
47083 897 0
47477 521 0
49447 473 0
50629 411 0
51811 531 0
52993 443 0
53387 913 0
54569 1003 0
55357 817 0
55751 355 0
57721 383 0
60479 851 0
61267 907 0
61661 851 0
62449 333 0
65207 479 0
66389 425 0
68359 333 0
68753 901 0
41989 709 0
44377 739 0
45173 763 0
45571 433 0
46367 509 0
47561 499 0
47959 967 0
49949 599 0
51143 787 0
52337 719 0
53531 743 0
53929 511 0
55123 611 0
55919 923 0
56317 359 0
58307 871 0
61093 673 0
61889 1003 0
62287 347 0
63083 719 0
65869 797 0
67063 619 0
69053 371 0
69451 943 0
47053 893 0
47897 767 0
48319 373 0
49163 683 0
50429 967 0
50851 419 0
52961 659 0
54227 317 0
55493 547 0
56759 481 0
57181 617 0
58447 307 0
59291 941 0
59713 781 0
61823 593 0
64777 887 0
65621 521 0
66043 541 0
66887 517 0
69841 463 0
71107 521 0
73217 871 0
73639 983 0
50621 947 0
51067 503 0
51959 641 0
53297 877 0
53743 419 0
55973 547 0
57311 563 0
58649 677 0
59987 773 0
60433 943 0
61771 509 0
62663 641 0
63109 929 0
65339 577 0
68461 671 0
69353 689 0
69799 605 0
70691 379 0
73813 467 0
75151 305 0
77381 575 0
77827 323 0
51983 937 0
52891 429 0
54253 939 0
54707 839 0
56977 677 0
58339 557 0
59701 731 0
61063 593 0
61517 527 0
62879 887 0
63787 977 0
64241 595 0
66511 837 0
69689 631 0
70597 819 0
71051 613 0
71959 371 0
75137 829 0
76499 991 0
78769 913 0
79223 737 0
53357 851 0
54731 607 0
55189 371 0
57479 823 0
58853 829 0
60227 545 0
61601 847 0
62059 641 0
63433 629 0
64349 319 0
64807 871 0
67097 607 0
70303 959 0
71219 821 0
71677 821 0
72593 919 0
75799 637 0
77173 949 0
79463 995 0
79921 395 0
55687 437 0
56153 871 0
58483 323 0
59881 795 0
61279 713 0
62677 321 0
63143 311 0
64541 835 0
65473 683 0
65939 775 0
68269 785 0
71531 929 0
72463 969 0
72929 347 0
73861 857 0
77123 679 0
78521 713 0
80851 459 0
81317 935 0
57599 529 0
59989 717 0
61423 429 0
62857 925 0
64291 503 0
64769 533 0
66203 919 0
67159 653 0
67637 437 0
70027 891 0
73373 305 0
74329 653 0
74807 467 0
75763 653 0
79109 331 0
80543 545 0
82933 703 0
83411 685 0
60491 539 0
61937 359 0
63383 847 0
64829 907 0
65311 667 0
97343 659 0
98587 717 0
102941 923 0
104807 727 0
107917 627 0
108539 833 0
99221 617 0
103603 353 0
105481 815 0
108611 521 0
109237 683 0
66757 449 0
67721 839 0
68203 457 0
70613 659 0
73987 439 0
74951 593 0
75433 641 0
76397 479 0
79771 569 0
81217 989 0
83627 757 0
84109 971 0
64507 401 0
66013 839 0
67519 407 0
68021 529 0
69527 457 0
70531 797 0
71033 983 0
73543 631 0
77057 607 0
78061 937 0
78563 581 0
79567 947 0
83081 611 0
84587 517 0
87097 507 0
87599 527 0
67591 743 0
69133 519 0
69647 917 0
71189 313 0
72217 751 0
72731 317 0
75301 389 0
78899 719 0
79927 331 0
80441 935 0
81469 847 0
85067 871 0
86609 467 0
89179 517 0
89693 623 0
70747 671 0
71273 611 0
72851 427 0
73903 397 0
74429 871 0
77059 939 0
80741 673 0
81793 781 0
82319 545 0
83371 829 0
87053 607 0
88631 607 0
91261 965 0
91787 509 0
72899 617 0
74513 683 0
75589 793 0
76127 593 0
110633 863 0
111547 983 0
114857 929 0
115519 503 0
116939 925 0
117613 503 0
121103 341 0
78817 529 0
82583 587 0
83659 561 0
84197 353 0
85273 385 0
89039 833 0
90653 461 0
93343 321 0
93881 869 0
75067 671 0
76151 839 0
76693 551 0
79403 367 0
83197 599 0
84281 611 0
84823 593 0
85907 389 0
89701 977 0
91327 319 0
94037 973 0
94579 439 0
77837 373 0
78391 787 0
81161 941 0
85039 743 0
86147 743 0
86701 535 0
87809 977 0
91687 817 0
93349 725 0
96119 335 0
96673 949 0
79523 337 0
82333 977 0
86267 997 0
87391 447 0
87953 769 0
89077 487 0
93011 587 0
94697 911 0
97507 447 0
98069 937 0
82919 575 0
86881 835 0
88013 637 0
88579 815 0
89711 677 0
93673 937 0
95371 617 0
98201 641 0
98767 901 0
89951 395 0
91123 739 0
91709 749 0
92881 955 0
96983 389 0
98741 713 0
101671 921 0
102257 815 0
95477 401 0
96091 659 0
97319 689 0
101617 667 0
103459 569 0
106529 457 0
107143 979 0
104927 749 0
106829 317 0
109999 673 0
